R1 = 1.370 +/- 0.064
R2 = 0.845 +/- 0.038
rho2 = 1.16 +/- 0.05
corrR1R2 = -0.84
corrR1rho2 = 0.71
corrR2rho2 = -0.83
rho2d = 1.17 +/- 0.15
mb = 4.20 +/- 0.000007
mc = 0.901 +/- 0.00000113

